camera_matrix:
- [625.0303575106396, 0.0, 309.92843028962625]
- [0.0, 624.5058226460573, 252.50175713735558]
- [0.0, 0.0, 1.0]
dist_coeff:
- [0.22290629532305165, -0.9649252340186433, 0.0033291988014684092, -0.0013671783170285969,
  0.9374156904774545]
